%YAML:1.0
---
cam_K: !!opencv-matrix
   rows: 3
   cols: 3
   dt: d
   data: [ 1.5131662608487759e+03, 0., 3.4540648364561514e+02, 0.,
       1.5170982482735474e+03, 2.6152838843760117e+02, 0., 0., 1. ]
cam_kc: !!opencv-matrix
   rows: 1
   cols: 5
   dt: d
   data: [ -1.1514381904506009e-01, 1.2227036956901389e+00,
       -3.0280871399472127e-03, -4.4779291426793780e-04, 0. ]
proj_K: !!opencv-matrix
   rows: 3
   cols: 3
   dt: d
   data: [ 1.9101776520450169e+03, 0., 5.0532236554002662e+02, 0.,
       1.9148360692850783e+03, 7.1975361246365298e+02, 0., 0., 1. ]
proj_kc: !!opencv-matrix
   rows: 1
   cols: 5
   dt: d
   data: [ 1.3493894448037794e-01, -6.6338136540099546e-01,
       -3.0646851266568197e-03, -1.4447120089095542e-03, 0. ]
R: !!opencv-matrix
   rows: 3
   cols: 3
   dt: d
   data: [ 9.7646806615503789e-01, 4.3862996065279103e-02,
       2.1115433539384859e-01, -2.0264112417972338e-02,
       9.9342758477403792e-01, -1.1265433661396942e-01,
       -2.1470789814851332e-01, 1.0572450702745823e-01,
       9.7093915725263058e-01 ]
T: !!opencv-matrix
   rows: 3
   cols: 1
   dt: d
   data: [ -1.8940297403328168e+02, -1.1471799342420926e+01,
       8.1762903623782410e+00 ]
cam_error: 9.6400857983140173e-02
proj_error: 1.4722175242655769e-01
stereo_error: 1.3707885480214330e-01
